2061
2344
2421
304
2159
2166
1397
130
1933
798
2187
208
2196
2145
1208
703
788
2473
611
2276
139
1949
2369
1864
945
4
1423
1795
2091
2389
1925
690
1465
1987
891
951
417
1602
1346
1136
650
1192
1123
628
625
1501
1820
148
2275
2509
917
322
2469
999
1371
1466
1955
939
667
2352
2293
1442
1485
1508
1349
494
2472
1654
649
2235
1967
2504
855
1556
2375
2064
241
872
808
763
767
405
660
2102
2325
1814
620
313
1274
1554
1734
984
1862
732
2238
465
1778
2133
1890
482
1433
1252
272
843
1447
1308
2078
2356
2256
2269
433
1897
1344
1803
2348
713
403
1412
2281
446
1535
156
36
533
1865
720
1908
1261
779
1134
2032
1547
589
974
1627
1666
1610
932
1120
2168
30
648
2423
1918
418
1970
1707
2385
780
2445
2524
2407
1303
390
427
526
1263
1847
1722
807
110
1020
2525
1093
1430
1594
147
1041
1682
2246
873
104
909
1844
1619
1202
1959
948
1273
607
320
346
734
1049
376
515
2045
2364
885
419
1615
1494
1159
1971
75
790
1603
2451
1410
2529
1948
544
2109
737
406
1166
244
975
1758
1035
565
285
1881
171
2397
2149
1058
1153
652
695
78
2180
1737
1116
2020
1689
169
968
928
1946
938
410
1503
899
1799
176
672
1502
795
1311
1343
497
333
229
124
1307
2142
1122
1325
2326
520
2398
831
1744
2037
258
921
2475
1016
236
947
2221
136
458
509
2351
633
608
247
1312
1242
983
1585
949
1008
1648
1574
1176
2418
2013
1957
1592
2526
1380
1339
350
2018
394
1015
1638
2207
1055
2028
114
2223
228
2167
383
24
2441
2034
1416
1169
1821
1521
2360
342
1507
2411
2271
1446
2184
1017
219
612
1649
603
144
706
1725
986
2514
1613
1455
2177
740
1786
2287
2274
2284
634
851
1679
593
598
414
1187
887
2485
2230
2051
1347
1837
1958
2302
1013
1968
1524
1880
2519
1291
460
518
2502
696
1109
1227
1776
969
577
1843
757
2409
551
1313
267
2349
532
1362
159
288
1534
2498
1671
804
1982
349
2444
2321
337
212
853
2097
2043
62
1245
1056
1296
701
1021
1575
1832
377
2228
1085
1855
693
2135
2252
1839
2068
1154
1515
82
554
1336
1936
1321
825
1852
959
1385
1315
504
1791
2371
1660
1210
1468
640
45
992
409
2113
1182
17
200
1863
2178
1065
1875
1458
712
2186
817
2002
714
375
416
15
830
2154
1427
105
850
2081
582
1473
1237
2092
2044
922
1384
978
374
1407
2313
1630
2388
235
1001
459
118
1931
2070
1815
630
726
1569
1796
218
2317
308
879
1372
1302
2336
1950
1301
476
915
2506
1831
158
2260
1081
1686
982
2176
1164
1247
339
2219
7
2047
362
2264
1720
76
195
213
175
2370
1034
514
395
2401
942
2129
1637
1545
1680
1029
146
161
481
1981
1342
466
1168
372
1740
1757
1491
1283
1833
541
2003
1196
1382
1461
2174
1905
84
2191
1145
2483
60
1752
2296
761
1107
263
906
331
1991
2067
529
152
709
243
1294
699
1281
14
214
2125
22
352
2130
1341
839
1642
292
1889
1952
365
295
1006
1489
1973
2496
2283
1979
1916
2489
573
27
729
2181
2114
1024
1375
2450
1582
1364
562
1104
53
40
2403
846
828
203
1319
1673
1337
559
1487
2511
2103
2139
1895
2459
206
1436
2305
1538
2523
1708
1989
1171
424
903
2340
654
1175
1277
1048
2014
527
2273
1267
2240
1721
402
2090
1395
1156
149
1040
908
907
2304
2412
1926
2530
305
622
1555
162
1835
877
413
2414
2036
1985
330
1834
683
2454
1976
536
534
2175
595
1794
88
2255
2200
307
347
80
154
77
615
1075
1437
11
397
2211
1148
719
1438
1853
1599
210
2309
725
187
2314
2342
1025
447
1560
537
1467
70
1327
1201
2379
1094
1804
1161
112
108
1002
2054
2474
151
13
1854
2217
442
502
2387
1921
1087
1500
1711
431
2046
1906
1840
880
1453
1363
852
477
2362
1883
1222
1090
1544
1828
2033
1699
689
730
26
1848
428
226
600
860
398
1234
81
1224
614
230
775
560
232
677
1066
530
55
1551
391
2247
188
1306
1406
2458
2242
107
1564
1513
2127
2022
752
684
789
1667
2453
1089
1129
1730
1912
388
1692
2202
1661
1917
564
1314
833
91
2377
2497
510
2311
487
34
1533
2266
495
1634
1162
956
41
385
475
578
1888
199
1787
610
874
883
2478
1598
227
1338
1046
818
2165
1997
1867
443
1377
266
2224
972
1984
1095
2347
892
1425
2122
859
379
1698
688
366
1179
1266
382
902
1733
1531
115
1681
1896
2171
1376
234
286
1529
2188
1330
2468
531
1802
1262
1761
1577
1019
1860
1877
260
239
1590
16
1806
65
1369
2213
1180
958
1205
1517
1572
474
1340
1351
1365
521
445
1715
1370
1028
772
2039
2263
837
1132
781
777
1923
35
1631
2155
1774
2084
682
2055
74
824
2520
1101
2440
2124
2134
662
1280
920
225
1542
1010
493
1063
991
1143
996
462
1131
1149
1739
979
1140
2025
221
503
345
2031
2056
1646
1026
1271
962
545
2060
1408
2203
2248
2303
657
2448
1788
1329
653
2236
687
900
48
961
1819
1771
581
1374
988
1383
989
1899
1645
1115
1611
2341
2015
1360
1623
867
1003
2434
997
72
773
2220
283
2035
676
513
1477
2365
1562
698
1422
965
1506
399
281
1358
2278
1625
1683
2116
2332
423
1859
1929
209
1292
302
32
321
1709
1012
1141
506
626
2408
23
1898
1206
2329
1579
2048
367
2322
2280
618
93
1608
1231
539
2214
1119
1255
1463
2372
83
646
702
2257
2456
1483
1678
1011
89
303
632
1920
2087
832
1769
950
1644
464
2185
678
1777
1295
2164
1826
550
1053
1974
694
941
1764
444
1885
2477
155
1498
1589
542
1405
570
1305
1983
381
1103
224
645
2476
167
2492
1606
1568
2463
1628
1474
638
1289
664
871
2144
1152
2042
1157
591
1518
1751
2170
1884
193
1943
1424
957
1233
547
1849
1938
616
1254
1956
523
1745
1121
2406
1697
2376
1900
451
2227
1539
2206
99
691
1027
572
718
355
1857
571
2156
1258
1317
2515
8
2148
744
816
847
1051
204
217
2367
568
2197
44
1543
25
1966
194
1471
1528
1988
1996
1873
116
86
1139
407
1335
2212
1565
2471
585
1904
2138
971
812
760
924
186
500
1004
2343
1656
2328
776
1559
387
794
1584
1718
5
2413
2345
126
0
1972
862
722
1323
793
125
587
2327
1178
524
1299
651
1288
1417
2080
553
2208
1472
741
2162
454
1909
386
2201
716
2098
265
856
583
1434
134
2405
198
1523
1797
1045
1580
919
1965
1724
472
2017
1951
708
344
1057
993
623
1480
1318
2290
1614
298
2079
2299
1183
1940
51
1333
1278
1251
2072
1743
1064
1841
1226
1320
2277
2295
2438
299
2419
1817
1018
1368
1097
323
604
1597
1137
845
2192
1492
723
803
1688
2153
636
1214
782
1954
277
552
1429
324
1130
1652
2075
557
886
440
731
1588
1379
1170
2218
484
1509
1014
2215
1825
282
181
797
1756
1975
109
569
2058
1911
2076
1622
1478
2330
1074
755
1268
68
2386
2338
425
759
512
1738
1658
1177
499
401
742
599
819
1420
1476
173
1184
450
220
787
936
1595
1098
842
1073
2306
2152
1190
955
1570
538
2433
179
888
1735
756
800
2132
59
721
1099
1435
490
2249
1165
724
2446
121
2531
1221
2415
977
1693